Start: 0, End: 346
0
2
5
8
11
14
17
20
23
26
29
32
35
38
41
44
47
50
53
56
59
62
65
68
70
73
76
79
82
85
88
91
94
97
100
103
106
109
112
115
118
121
124
127
130
133
136
138
141
144
147
150
153
156
159
162
165
168
171
174
177
180
183
186
189
192
195
198
201
204
206
209
212
215
218
221
224
227
230
233
236
239
242
245
248
251
254
257
260
263
266
269
272
274
277
280
283
286
289
292
295
298
301
304
307
310
313
316
319
322
325
328
331
334
337
340
342
345
348
351
354
357
360
363
366
369
372
375
378
381
384
387
390
393
396
399
402
405
408
410
413
416
419
422
425
428
431
434
437
440
443
446
449
452
455
458
461
464
467
470
473
476
478
481
484
487
490
493
496
499
502
505
508
511
514
517
520
523
526
529
532
535
538
541
544
546
549
552
555
558
561
564
567
570
573
576
579
582
585
588
591
594
597
600
603
606
609
612
614
617
620
623
626
629
632
635
638
641
644
647
650
653
656
659
662
665
668
671
674
677
680
682
685
688
691
694
697
700
703
706
709
712
715
718
721
724
727
730
733
736
739
742
745
748
750
753
756
759
762
765
768
771
774
777
780
783
786
789
792
795
798
801
804
807
810
813
816
818
821
824
827
830
833
836
839
842
845
848
851
854
857
860
863
866
869
872
875
878
881
884
886
889
892
895
898
901
904
907
910
913
916
919
922
925
928
931
934
937
940
943
946
949
952
954
957
960
963
966
969
972
975
978
981
984
987
990
993
996
999
1002
1005
1008
1011
1014
1017
1020
Start: 0, End: 330
0
3
6
9
12
15
18
21
24
27
31
34
37
40
43
46
49
52
55
58
62
65
68
71
74
77
80
83
86
89
93
96
99
102
105
108
111
114
117
121
124
127
130
133
136
139
142
145
148
152
155
158
161
164
167
170
173
176
179
183
186
189
192
195
198
201
204
207
210
214
217
220
223
226
229
232
235
238
242
245
248
251
254
257
260
263
266
269
273
276
279
282
285
288
291
294
297
300
304
307
310
313
316
319
322
325
328
331
335
338
341
344
347
350
353
356
359
363
366
369
372
375
378
381
384
387
390
394
397
400
403
406
409
412
415
418
421
425
428
431
434
437
440
443
446
449
453
456
459
462
465
468
471
474
477
480
484
487
490
493
496
499
502
505
508
511
515
518
521
524
527
530
533
536
539
542
546
549
552
555
558
561
564
567
570
574
577
580
583
586
589
592
595
598
601
605
608
611
614
617
620
623
626
629
632
636
639
642
645
648
651
654
657
660
663
667
670
673
676
679
682
685
688
691
695
698
701
704
707
710
713
716
719
722
726
729
732
735
738
741
744
747
750
753
757
760
763
766
769
772
775
778
781
785
788
791
794
797
800
803
806
809
812
816
819
822
825
828
831
834
837
840
843
847
850
853
856
859
862
865
868
871
874
878
881
884
887
890
893
896
899
902
906
909
912
915
918
921
924
927
930
933
937
940
943
946
949
952
955
958
961
964
968
971
974
977
980
983
986
989
992
995
999
1002
1005
1008
1011
1014
1017
1020
Start: 0, End: 313
0
3
6
9
13
16
19
22
26
29
32
35
39
42
45
48
52
55
58
62
65
68
71
75
78
81
84
88
91
94
97
101
104
107
110
114
117
120
124
127
130
133
137
140
143
146
150
153
156
159
163
166
169
173
176
179
182
186
189
192
195
199
202
205
208
212
215
218
221
225
228
231
235
238
241
244
248
251
254
257
261
264
267
270
274
277
280
283
287
290
293
297
300
303
306
310
313
316
319
323
326
329
332
336
339
342
346
349
352
355
359
362
365
368
372
375
378
381
385
388
391
394
398
401
404
408
411
414
417
421
424
427
430
434
437
440
443
447
450
453
456
460
463
466
470
473
476
479
483
486
489
492
496
499
502
505
509
512
515
519
522
525
528
532
535
538
541
545
548
551
554
558
561
564
567
571
574
577
581
584
587
590
594
597
600
603
607
610
613
616
620
623
626
629
633
636
639
643
646
649
652
656
659
662
665
669
672
675
678
682
685
688
692
695
698
701
705
708
711
714
718
721
724
727
731
734
737
740
744
747
750
754
757
760
763
767
770
773
776
780
783
786
789
793
796
799
802
806
809
812
816
819
822
825
829
832
835
838
842
845
848
851
855
858
861
865
868
871
874
878
881
884
887
891
894
897
900
904
907
910
913
917
920
923
927
930
933
936
940
943
946
949
953
956
959
962
966
969
972
975
979
982
985
989
992
995
998
1002
1005
1008
1011
1015
1018
Start: 0, End: 297
0
3
6
10
13
17
20
24
27
30
34
37
41
44
48
51
55
58
61
65
68
72
75
79
82
86
89
92
96
99
103
106
110
113
117
120
123
127
130
134
137
141
144
148
151
154
158
161
165
168
172
175
179
182
185
189
192
196
199
203
206
210
213
216
220
223
227
230
234
237
241
244
247
251
254
258
261
265
268
272
275
278
282
285
289
292
296
299
303
306
309
313
316
320
323
327
330
334
337
340
344
347
351
354
358
361
364
368
371
375
378
382
385
389
392
395
399
402
406
409
413
416
420
423
426
430
433
437
440
444
447
451
454
457
461
464
468
471
475
478
482
485
488
492
495
499
502
506
509
513
516
519
523
526
530
533
537
540
544
547
550
554
557
561
564
568
571
575
578
581
585
588
592
595
599
602
606
609
612
616
619
623
626
630
633
637
640
643
647
650
654
657
661
664
668
671
674
678
681
685
688
692
695
698
702
705
709
712
716
719
723
726
729
733
736
740
743
747
750
754
757
760
764
767
771
774
778
781
785
788
791
795
798
802
805
809
812
816
819
822
826
829
833
836
840
843
847
850
853
857
860
864
867
871
874
878
881
884
888
891
895
898
902
905
909
912
915
919
922
926
929
933
936
940
943
946
950
953
957
960
964
967
971
974
977
981
984
988
991
995
998
1002
1005
1008
1012
1015
1019
Start: 0, End: 281
0
3
7
10
14
18
21
25
29
32
36
40
43
47
51
54
58
61
65
69
72
76
80
83
87
91
94
98
102
105
109
112
116
120
123
127
131
134
138
142
145
149
153
156
160
163
167
171
174
178
182
185
189
193
196
200
204
207
211
214
218
222
225
229
233
236
240
244
247
251
255
258
262
265
269
273
276
280
284
287
291
295
298
302
306
309
313
316
320
324
327
331
335
338
342
346
349
353
357
360
364
367
371
375
378
382
386
389
393
397
400
404
408
411
415
418
422
426
429
433
437
440
444
448
451
455
459
462
466
469
473
477
480
484
488
491
495
499
502
506
510
513
517
520
524
528
531
535
539
542
546
550
553
557
561
564
568
571
575
579
582
586
590
593
597
601
604
608
612
615
619
622
626
630
633
637
641
644
648
652
655
659
663
666
670
674
677
681
684
688
692
695
699
703
706
710
714
717
721
725
728
732
735
739
743
746
750
754
757
761
765
768
772
776
779
783
786
790
794
797
801
805
808
812
816
819
823
827
830
834
837
841
845
848
852
856
859
863
867
870
874
878
881
885
888
892
896
899
903
907
910
914
918
921
925
929
932
936
939
943
947
950
954
958
961
965
969
972
976
980
983
987
990
994
998
1001
1005
1009
1012
1016
1020
Start: 0, End: 264
0
3
7
11
15
19
23
27
30
34
38
42
46
50
54
58
61
65
69
73
77
81
85
88
92
96
100
104
108
112
116
119
123
127
131
135
139
143
146
150
154
158
162
166
170
174
177
181
185
189
193
197
201
204
208
212
216
220
224
228
232
235
239
243
247
251
255
259
263
266
270
274
278
282
286
290
293
297
301
305
309
313
317
321
324
328
332
336
340
344
348
351
355
359
363
367
371
375
379
382
386
390
394
398
402
406
409
413
417
421
425
429
433
437
440
444
448
452
456
460
464
468
471
475
479
483
487
491
495
498
502
506
510
514
518
522
526
529
533
537
541
545
549
553
556
560
564
568
572
576
580
584
587
591
595
599
603
607
611
614
618
622
626
630
634
638
642
645
649
653
657
661
665
669
673
676
680
684
688
692
696
700
703
707
711
715
719
723
727
731
734
738
742
746
750
754
758
761
765
769
773
777
781
785
789
792
796
800
804
808
812
816
819
823
827
831
835
839
843
847
850
854
858
862
866
870
874
878
881
885
889
893
897
901
905
908
912
916
920
924
928
932
936
939
943
947
951
955
959
963
966
970
974
978
982
986
990
994
997
1001
1005
1009
1013
1017
Start: 0, End: 248
0
4
8
12
16
20
24
28
32
37
41
45
49
53
57
61
65
70
74
78
82
86
90
94
98
103
107
111
115
119
123
127
131
136
140
144
148
152
156
160
164
168
173
177
181
185
189
193
197
201
206
210
214
218
222
226
230
234
239
243
247
251
255
259
263
267
272
276
280
284
288
292
296
300
305
309
313
317
321
325
329
333
337
342
346
350
354
358
362
366
370
375
379
383
387
391
395
399
403
408
412
416
420
424
428
432
436
441
445
449
453
457
461
465
469
474
478
482
486
490
494
498
502
506
511
515
519
523
527
531
535
539
544
548
552
556
560
564
568
572
577
581
585
589
593
597
601
605
610
614
618
622
626
630
634
638
643
647
651
655
659
663
667
671
675
680
684
688
692
696
700
704
708
713
717
721
725
729
733
737
741
746
750
754
758
762
766
770
774
779
783
787
791
795
799
803
807
812
816
820
824
828
832
836
840
844
849
853
857
861
865
869
873
877
882
886
890
894
898
902
906
910
915
919
923
927
931
935
939
943
948
952
956
960
964
968
972
976
981
985
989
993
997
1001
1005
1009
1013
1018
Start: 0, End: 232
0
4
8
13
17
22
26
30
35
39
44
48
52
57
61
66
70
75
79
83
88
92
97
101
105
110
114
119
123
127
132
136
141
145
150
154
158
163
167
172
176
180
185
189
194
198
202
207
211
216
220
225
229
233
238
242
247
251
255
260
264
269
273
277
282
286
291
295
300
304
308
313
317
322
326
330
335
339
344
348
352
357
361
366
370
375
379
383
388
392
397
401
405
410
414
419
423
427
432
436
441
445
450
454
458
463
467
472
476
480
485
489
494
498
502
507
511
516
520
525
529
533
538
542
547
551
555
560
564
569
573
577
582
586
591
595
600
604
608
613
617
622
626
630
635
639
644
648
652
657
661
666
670
675
679
683
688
692
697
701
705
710
714
719
723
727
732
736
741
745
750
754
758
763
767
772
776
780
785
789
794
798
802
807
811
816
820
825
829
833
838
842
847
851
855
860
864
869
873
877
882
886
891
895
900
904
908
913
917
922
926
930
935
939
944
948
952
957
961
966
970
975
979
983
988
992
997
1001
1005
1010
1014
1019
Start: 0, End: 215
0
4
9
14
18
23
28
33
37
42
47
52
56
61
66
71
75
80
85
90
94
99
104
109
113
118
123
128
132
137
142
147
151
156
161
166
170
175
180
185
189
194
199
204
208
213
218
223
227
232
237
242
246
251
256
260
265
270
275
279
284
289
294
298
303
308
313
317
322
327
332
336
341
346
351
355
360
365
370
374
379
384
389
393
398
403
408
412
417
422
427
431
436
441
446
450
455
460
465
469
474
479
484
488
493
498
503
507
512
517
521
526
531
536
540
545
550
555
559
564
569
574
578
583
588
593
597
602
607
612
616
621
626
631
635
640
645
650
654
659
664
669
673
678
683
688
692
697
702
707
711
716
721
726
730
735
740
745
749
754
759
764
768
773
778
782
787
792
797
801
806
811
816
820
825
830
835
839
844
849
854
858
863
868
873
877
882
887
892
896
901
906
911
915
920
925
930
934
939
944
949
953
958
963
968
972
977
982
987
991
996
1001
1006
1010
1015
Start: 0, End: 199
0
5
10
15
20
25
30
35
41
46
51
56
61
66
71
77
82
87
92
97
102
107
112
118
123
128
133
138
143
148
154
159
164
169
174
179
184
189
195
200
205
210
215
220
225
231
236
241
246
251
256
261
266
272
277
282
287
292
297
302
308
313
318
323
328
333
338
343
349
354
359
364
369
374
379
385
390
395
400
405
410
415
420
426
431
436
441
446
451
456
462
467
472
477
482
487
492
497
503
508
513
518
523
528
533
539
544
549
554
559
564
569
574
580
585
590
595
600
605
610
616
621
626
631
636
641
646
651
657
662
667
672
677
682
687
693
698
703
708
713
718
723
728
734
739
744
749
754
759
764
770
775
780
785
790
795
800
805
811
816
821
826
831
836
841
847
852
857
862
867
872
877
882
888
893
898
903
908
913
918
924
929
934
939
944
949
954
960
965
970
975
980
985
990
995
1001
1006
1011
1016
Start: 0, End: 183
0
5
11
16
22
27
33
39
44
50
55
61
67
72
78
83
89
95
100
106
111
117
123
128
134
139
145
150
156
162
167
173
178
184
190
195
201
206
212
218
223
229
234
240
246
251
257
262
268
273
279
285
290
296
301
307
313
318
324
329
335
341
346
352
357
363
369
374
380
385
391
396
402
408
413
419
424
430
436
441
447
452
458
464
469
475
480
486
492
497
503
508
514
519
525
531
536
542
547
553
559
564
570
575
581
587
592
598
603
609
615
620
626
631
637
642
648
654
659
665
670
676
682
687
693
698
704
710
715
721
726
732
738
743
749
754
760
765
771
777
782
788
793
799
805
810
816
821
827
833
838
844
849
855
861
866
872
877
883
888
894
900
905
911
916
922
928
933
939
944
950
956
961
967
972
978
984
989
995
1000
1006
1011
1017
Start: 0, End: 166
0
6
12
18
24
30
36
42
49
55
61
67
73
79
85
92
98
104
110
116
122
128
135
141
147
153
159
165
171
178
184
190
196
202
208
214
220
227
233
239
245
251
257
263
270
276
282
288
294
300
306
313
319
325
331
337
343
349
356
362
368
374
380
386
392
398
405
411
417
423
429
435
441
448
454
460
466
472
478
484
491
497
503
509
515
521
527
534
540
546
552
558
564
570
576
583
589
595
601
607
613
619
626
632
638
644
650
656
662
669
675
681
687
693
699
705
712
718
724
730
736
742
748
754
761
767
773
779
785
791
797
804
810
816
822
828
834
840
847
853
859
865
871
877
883
890
896
902
908
914
920
926
932
939
945
951
957
963
969
975
982
988
994
1000
1006
1012
Start: 0, End: 150
0
6
13
20
27
34
40
47
54
61
68
74
81
88
95
102
108
115
122
129
136
142
149
156
163
170
176
183
190
197
204
210
217
224
231
238
244
251
258
265
272
278
285
292
299
306
312
319
326
333
340
346
353
360
367
374
381
387
394
401
408
415
421
428
435
442
449
455
462
469
476
483
489
496
503
510
517
523
530
537
544
551
557
564
571
578
585
591
598
605
612
619
625
632
639
646
653
659
666
673
680
687
693
700
707
714
721
727
734
741
748
755
762
768
775
782
789
796
802
809
816
823
830
836
843
850
857
864
870
877
884
891
898
904
911
918
925
932
938
945
952
959
966
972
979
986
993
1000
1006
1013
Start: 0, End: 134
0
7
15
22
30
38
45
53
61
68
76
83
91
99
106
114
122
129
137
144
152
160
167
175
183
190
198
206
213
221
228
236
244
251
259
267
274
282
289
297
305
312
320
328
335
343
351
358
366
373
381
389
396
404
412
419
427
434
442
450
457
465
473
480
488
496
503
511
518
526
534
541
549
557
564
572
579
587
595
602
610
618
625
633
641
648
656
663
671
679
686
694
702
709
717
724
732
740
747
755
763
770
778
786
793
801
808
816
824
831
839
847
854
862
869
877
885
892
900
908
915
923
931
938
946
953
961
969
976
984
992
999
1007
1014
Start: 0, End: 117
0
8
17
26
34
43
52
60
69
78
86
95
104
112
121
130
139
147
156
165
173
182
191
199
208
217
225
234
243
251
260
269
278
286
295
304
312
321
330
338
347
356
364
373
382
390
399
408
417
425
434
443
451
460
469
477
486
495
503
512
521
529
538
547
556
564
573
582
590
599
608
616
625
634
642
651
660
668
677
686
695
703
712
721
729
738
747
755
764
773
781
790
799
807
816
825
834
842
851
860
868
877
886
894
903
912
920
929
938
946
955
964
973
981
990
999
1007
Start: 0, End: 101
0
10
20
30
40
50
60
70
80
90
100
110
121
131
141
151
161
171
181
191
201
211
221
231
242
252
262
272
282
292
302
312
322
332
342
352
363
373
383
393
403
413
423
433
443
453
463
473
484
494
504
514
524
534
544
554
564
574
584
594
605
615
625
635
645
655
665
675
685
695
705
715
726
736
746
756
766
776
786
796
806
816
826
836
847
857
867
877
887
897
907
917
927
937
947
957
968
978
988
998
1008
Start: 0, End: 85
0
12
24
36
48
60
72
84
96
108
120
132
144
156
168
180
192
204
216
228
240
252
264
276
288
300
312
324
336
348
360
372
384
396
408
420
432
444
456
468
480
492
504
516
528
540
552
564
576
588
600
612
624
636
648
660
672
684
696
708
720
732
744
756
768
780
792
805
817
829
841
853
865
877
889
901
913
925
937
949
961
973
985
997
1009
Start: 0, End: 68
0
14
29
44
59
74
89
104
118
133
148
163
178
193
208
222
237
252
267
282
297
312
326
341
356
371
386
401
416
430
445
460
475
490
505
520
534
549
564
579
594
609
624
639
653
668
683
698
713
728
743
757
772
787
802
817
832
847
861
876
891
906
921
936
951
965
980
995
Start: 0, End: 52
0
19
38
58
77
97
116
136
155
175
194
214
233
253
272
292
311
331
350
369
389
408
428
447
467
486
506
525
545
564
584
603
623
642
662
681
701
720
739
759
778
798
817
837
856
876
895
915
934
954
973
993
Start: 0, End: 36
0
28
56
84
112
141
169
197
225
254
282
310
338
367
395
423
451
480
508
536
564
592
621
649
677
705
734
762
790
818
847
875
903
931
960
988
