0.000000
0.000000
0.000000
0.000000
0.000000
0.000000
0.000000
0.000000
0.000000
0.000000
0.000000
0.000000
0.000000
0.000000
0.000000
0.000000
0.000000
0.000000
0.000000
0.000000
0.000000
0.000000
0.000000
0.000000
0.000000
0.000000
0.000000
0.000000
0.000000
0.000000
0.000000
0.000000
0.000000
0.000000
0.000000
0.000000
0.000000
0.000000
0.000000
0.000000
0.000000
0.000000
0.000000
0.000000
0.000000
0.000000
0.000000
0.000000
0.000000
0.000000
0.000000
0.000000
0.000000
0.000000
0.000000
0.000000
0.000000
0.000000
0.000000
0.000000
0.000000
0.000000
0.000000
0.000000
0.000000
0.000000
0.000000
0.000000
0.000000
0.000000
0.000000
0.000000
0.000000
0.000000
0.000000
0.000000
0.000000
0.000000
0.000000
0.000000
0.000000
0.000000
0.000000
0.000000
0.000000
0.000000
0.000000
0.000000
0.000000
0.000000
0.000000
0.000000
0.000000
0.000000
0.000000
0.000000
0.000000
0.000000
0.000001
0.000001
0.000001
0.000002
0.000003
0.000004
0.000006
0.000009
0.000012
0.000018
0.000025
0.000036
0.000050
0.000070
0.000098
0.000135
0.000186
0.000254
0.000312
0.000423
0.000571
0.000766
0.001022
0.001356
0.001789
0.002348
0.003065
0.003980
0.005140
0.006602
0.008434
0.010715
0.013541
0.017019
0.021274
0.026450
0.032708
0.040227
0.049207
0.059866
0.072441
0.082012
0.098345
0.117294
0.139138
0.164157
0.192627
0.224813
0.260959
0.301278
0.345945
0.395088
0.448772
0.506994
0.569673
0.636640
0.707632
0.782288
0.860144
0.940634
1.023096
1.106770
1.190813
1.274311
1.329194
1.409600
1.486788
1.559723
1.627390
1.688810
1.743073
1.789353
1.826929
1.855209
1.873741
1.882226
1.880526
1.868669
1.846846
1.815410
1.774860
1.725834
1.669088
1.605481
1.535947
1.461480
1.383105
1.329194
1.246598
1.162813
1.078794
0.995435
0.913551
0.833869
0.757022
0.683541
0.613855
0.548294
0.487086
0.430371
0.378204
0.330564
0.287363
0.248456
0.213656
0.182737
0.155447
0.131518
0.110670
0.092624
0.082012
0.068021
0.056112
0.046038
0.037568
0.030491
0.024613
0.019761
0.015780
0.012532
0.009899
0.007777
0.006077
0.004723
0.003651
0.002807
0.002146
0.001632
0.001234
0.000929
0.000695
0.000517
0.000383
0.000312
0.000229
0.000167
0.000121
0.000087
0.000063
0.000045
0.000032
0.000022
0.000016
0.000011
0.000008
0.000005
0.000004
0.000002
0.000002
0.000001
0.000001
0.000001
0.000000
0.000000
0.000000
0.000000
0.000000
0.000000
0.000000
0.000000
0.000000
0.000000
0.000000
0.000000
0.000000
0.000000
0.000000
0.000000
0.000000
0.000000
0.000000
0.000000
0.000000
0.000000
0.000000
0.000000
0.000000
0.000000
0.000000
0.000000
0.000000
0.000000
0.000000
0.000000
0.000000
0.000000
0.000000
0.000000
0.000000
0.000000
0.000000
0.000000
0.000000
0.000000
0.000000
0.000000
0.000000
0.000000
0.000000
0.000000
0.000000
0.000000
0.000000
0.000000
0.000000
0.000000
0.000000
0.000000
0.000000
0.000000
0.000000
0.000000
0.000000
0.000000
0.000000
0.000000
0.000000
0.000000
0.000000
0.000000
0.000000
0.000000
0.000000
0.000000
0.000000
0.000000
0.000000
0.000000
0.000000
0.000000
0.000000
0.000000
0.000000
0.000000
0.000000
0.000000
0.000000
0.000000
0.000000
0.000000
0.000000
0.000000
0.000000
0.000000
0.000000
0.000000
0.000000
0.000000
0.000000
0.000000
0.000000
0.000000
0.000000
0.000000
0.000000
0.000000
0.000000
0.000000
0.000000
0.000000
0.000000
0.000000
0.000000
0.000000
0.000000
0.000000
0.000000
0.000000
0.000000
0.000000
0.000000
0.000000
0.000000
0.000000
0.000000
0.000000
0.000000
0.000000
0.000000
0.000000
0.000000
0.000000
0.000000
0.000000
0.000000
0.000000
0.000000
0.000000
0.000000
0.000000
0.000000
0.000000
0.000000
0.000000
0.000000
0.000000
0.000000
0.000000
0.000000
0.000000
0.000000
0.000000
0.000000
0.000000
0.000000
0.000000
0.000000
0.000000
0.000000
0.000000
0.000000
0.000000
0.000000
0.000000
0.000000
0.000000
0.000000
0.000000
0.000000
0.000000
0.000000
0.000000
0.000000
0.000000
0.000000
0.000000
0.000000
0.000000
0.000000
0.000000
0.000000
0.000000
0.000000
0.000000
0.000000
0.000000
0.000000
0.000000
0.000000
0.000000
0.000000
0.000001
0.000001
0.000001
0.000002
0.000002
0.000004
0.000006
0.000009
0.000012
0.000018
0.000025
0.000036
0.000050
0.000070
0.000098
0.000150
0.000206
0.000282
0.000383
0.000517
0.000695
0.000929
0.001234
0.001632
0.002348
0.003065
0.003980
0.005140
0.006602
0.008434
0.010715
0.013541
0.017019
0.021274
0.028408
0.035064
0.043047
0.052562
0.063833
0.077101
0.092624
0.110670
0.131518
0.155447
0.192627
0.224813
0.260959
0.301278
0.345945
0.395088
0.448772
0.506994
0.569673
0.659872
0.732131
0.807910
0.886712
0.967938
1.050892
1.134787
1.218754
1.301856
1.383105
1.486788
1.559723
1.627390
1.688810
1.743073
1.789353
1.826929
1.855209
1.873741
1.882226
1.877696
1.862487
1.837414
1.802877
1.759425
1.707736
1.648604
1.582913
1.511623
1.435738
1.329194
1.246598
1.162813
1.078794
0.995435
0.913551
0.833869
0.757022
0.683541
0.591529
0.527399
0.467678
0.412477
0.361824
0.315677
0.273925
0.236410
0.202930
0.173250
0.139138
0.117294
0.098345
0.082012
0.068021
0.056112
0.046038
0.037568
0.030491
0.024613
0.018344
0.014622
0.011592
0.009140
0.007168
0.005591
0.004337
0.003346
0.002568
0.001960
0.001356
0.001022
0.000766
0.000571
0.000423
0.000312
0.000229
0.000167
0.000121
0.000078
0.000056
0.000040
0.000028
0.000020
0.000014
0.000010
0.000007
0.000005
0.000003
0.000002
0.000001
0.000001
0.000001
0.000000
0.000000
0.000000
0.000000
0.000000
0.000000
0.000000
0.000000
0.000000
0.000000
0.000000
0.000000
0.000000
0.000000
0.000000
0.000000
0.000000
0.000000
0.000000
0.000000
0.000000
0.000000
0.000000
0.000000
0.000000
0.000000
0.000000
0.000000
0.000000
0.000000
0.000000
0.000000
0.000000
0.000000
0.000000
0.000000
0.000000
0.000000
0.000000
0.000000
0.000000
0.000000
0.000000
0.000000
0.000000
0.000000
0.000000
0.000000
0.000000
0.000000
0.000000
0.000000
0.000000
0.000000
0.000000
0.000000
0.000000
0.000000
0.000000
0.000000
0.000000
0.000000
0.000000
0.000000
0.000000
0.000000
0.000000
0.000000
0.000000
0.000000
0.000000
0.000000
0.000000
0.000000
0.000000
0.000000
0.000000
0.000000
0.000000
0.000000
0.000000
0.000000
0.000000
0.000000
0.000000
0.000000
0.000000
0.000000
0.000000
0.000000
0.000000
0.000000
0.000000
0.000000
0.000000
0.000000
0.000000
0.000000
0.000000
0.000000
0.000000
0.000000
0.000000
0.000000
0.000000
0.000000
0.000000
0.000000
0.000000
0.000000
0.000000
0.000000
0.000000
0.000000
0.000000
0.000000
0.000000
0.000000
0.000000
0.000000
0.000000
0.000000
0.000000
0.000000
0.000000
0.000000
0.000000
0.000000
0.000000
0.000000
0.000000
0.000000
0.000000
0.000000
0.000000
0.000000
0.000000
0.000000
0.000000
0.000000
0.000000
0.000000
0.000000
0.000000
0.000000
0.000000
0.000000
0.000000
0.000000
0.000000
0.000000
0.000000
0.000000
0.000000
0.000000
0.000000
0.000000
0.000000
0.000000
0.000000
0.000000
0.000000
0.000000
0.000000
0.000000
0.000000
0.000000
0.000000
0.000000
0.000000
0.000000
0.000000
0.000000
0.000000
0.000000
0.000000
0.000000
0.000000
0.000000
0.000000
0.000000
0.000001
0.000001
0.000002
0.000002
0.000004
0.000005
0.000009
0.000012
0.000018
0.000025
0.000040
0.000056
0.000078
0.000109
0.000167
0.000229
0.000312
0.000468
0.000630
0.000844
0.001123
0.001632
0.002146
0.002807
0.003651
0.005140
0.006602
0.008434
0.010715
0.014622
0.018344
0.022890
0.028408
0.037568
0.046038
0.056112
0.072441
0.087183
0.104357
0.124240
0.155447
0.182737
0.213656
0.248456
0.301278
0.345945
0.395088
0.448772
0.527399
0.591529
0.659872
0.732131
0.833869
0.913551
0.995435
1.106770
1.190813
1.274311
1.356290
1.461480
1.535947
1.605481
1.669088
1.743073
1.789353
1.826929
1.855209
1.877696
1.882793
1.877696
1.855209
1.826929
1.789353
1.743073
1.669088
1.605481
1.535947
1.461480
1.356290
1.274311
1.190813
1.106770
0.995435
0.913551
0.833869
0.757022
0.659872
0.591529
0.527399
0.448772
0.395088
0.345945
0.301278
0.248456
0.213656
0.182737
0.155447
0.124240
0.104357
0.087183
0.072441
0.056112
0.046038
0.037568
0.030491
0.022890
0.018344
0.014622
0.010715
0.008434
0.006602
0.005140
0.003651
0.002807
0.002146
0.001632
0.001123
0.000844
0.000630
0.000468
0.000312
0.000229
0.000167
0.000109
0.000078
0.000056
0.000040
0.000025
0.000018
0.000012
0.000009
0.000005
0.000004
0.000002
0.000002
0.000001
0.000001
0.000000
0.000000
0.000000
0.000000
0.000000
0.000000
0.000000
0.000000
0.000000
0.000000
0.000000
0.000000
0.000000
0.000000
0.000000
0.000000
0.000000
0.000000
0.000000
0.000000
0.000000
0.000000
0.000000
0.000000
0.000000
0.000000
0.000000
0.000000
0.000000
0.000000
0.000000
0.000000
0.000000
0.000000
0.000000
0.000000
0.000000
0.000000
0.000000
0.000000
0.000000
0.000000
0.000000
0.000000
0.000000
0.000000
0.000000
0.000000
0.000000
0.000000
0.000000
0.000000
0.000000
0.000000
0.000000
0.000000
0.000000
0.000000
0.000000
0.000000
0.000000
0.000000
0.000000
0.000000
0.000000
0.000000
0.000000
0.000000
0.000000
0.000000
0.000000
0.000000
0.000000
0.000000
0.000000
0.000000
0.000000
0.000000
0.000000
0.000000
0.000000
0.000000
0.000000
0.000000
0.000000
0.000000
0.000000
0.000000
0.000000
0.000000
0.000000
0.000000
0.000000
0.000000
0.000000
0.000000
0.000000
0.000000
0.000000
0.000000
0.000000
0.000000
0.000000
0.000000
0.000000
0.000000
0.000000
0.000000
0.000000
0.000000
0.000000
0.000000
0.000000
0.000000
0.000000
0.000000
0.000000
0.000000
0.000000
0.000000
0.000000
0.000000
0.000000
0.000000
0.000000
0.000000
0.000000
0.000000
0.000000
0.000000
0.000000
0.000000
0.000000
0.000000
0.000000
0.000000
0.000000
0.000000
0.000000
0.000000
0.000000
0.000000
0.000000
0.000000
0.000000
0.000000
0.000000
0.000000
0.000000
0.000000
0.000000
0.000000
0.000000
0.000000
0.000000
0.000000
0.000000
0.000000
0.000000
0.000000
0.000000
0.000000
0.000000
0.000000
0.000000
0.000000
0.000000
0.000000
0.000000
0.000000
0.000000
0.000001
0.000001
0.000001
0.000002
0.000004
0.000005
0.000008
0.000012
0.000018
0.000028
0.000040
0.000063
0.000087
0.000135
0.000186
0.000254
0.000383
0.000517
0.000766
0.001022
0.001488
0.001960
0.002568
0.003651
0.004723
0.006602
0.008434
0.011592
0.014622
0.019761
0.024613
0.030491
0.040227
0.049207
0.063833
0.077101
0.098345
0.117294
0.147111
0.173250
0.202930
0.248456
0.287363
0.345945
0.395088
0.467678
0.527399
0.613855
0.683541
0.757022
0.860144
0.940634
1.050892
1.134787
1.246598
1.329194
1.435738
1.511623
1.582913
1.669088
1.725834
1.789353
1.826929
1.862487
1.877696
1.882226
1.873741
1.855209
1.815410
1.774860
1.707736
1.648604
1.559723
1.486788
1.383105
1.301856
1.218754
1.106770
1.023096
0.913551
0.833869
0.732131
0.659872
0.569673
0.506994
0.448772
0.378204
0.330564
0.273925
0.236410
0.192627
0.164157
0.131518
0.110670
0.092624
0.072441
0.059866
0.046038
0.037568
0.028408
0.022890
0.017019
0.013541
0.010715
0.007777
0.006077
0.004337
0.003346
0.002348
0.001789
0.001234
0.000929
0.000695
0.000468
0.000346
0.000229
0.000167
0.000109
0.000078
0.000056
0.000036
0.000025
0.000016
0.000011
0.000007
0.000005
0.000003
0.000002
0.000001
0.000001
0.000001
0.000000
0.000000
0.000000
0.000000
0.000000
0.000000
0.000000
0.000000
0.000000
0.000000
0.000000
0.000000
0.000000
0.000000
0.000000
0.000000
0.000000
0.000000
0.000000
0.000000
0.000000
0.000000
0.000000
0.000000
0.000000
0.000000
0.000000
0.000000
0.000000
0.000000
0.000000
0.000000
0.000000
0.000000
0.000000
0.000000
0.000000
0.000000
0.000000
0.000000
0.000000
0.000000
0.000000
0.000000
0.000000
0.000000
0.000000
0.000000
0.000000
0.000000
0.000000
0.000000
0.000000
0.000000
0.000000
0.000000
0.000000
0.000000
0.000000
0.000000
0.000000
0.000000
0.000000
0.000000
0.000000
0.000000
0.000000
0.000000
0.000000
0.000000
0.000000
0.000000
0.000000
0.000000
0.000000
0.000000
0.000000
0.000000
0.000000
0.000000
0.000000
0.000000
0.000000
0.000000
0.000000
0.000000
0.000000
0.000000
0.000000
0.000000
0.000000
0.000000
0.000000
0.000000
0.000000
0.000000
0.000000
0.000000
0.000000
0.000000
0.000000
0.000000
0.000000
0.000000
0.000000
0.000000
0.000000
0.000000
0.000000
0.000000
0.000000
0.000000
0.000000
0.000000
0.000000
0.000000
0.000000
0.000000
0.000000
0.000000
0.000000
0.000000
0.000000
0.000000
0.000000
0.000000
0.000000
0.000000
0.000000
0.000000
0.000000
0.000000
0.000000
0.000000
0.000000
0.000000
0.000000
0.000000
0.000000
0.000000
0.000000
0.000000
0.000000
0.000000
0.000000
0.000000
0.000000
0.000000
0.000000
0.000000
0.000000
0.000000
0.000000
0.000000
0.000000
0.000000
0.000000
0.000000
0.000000
0.000000
0.000000
0.000000
0.000001
0.000001
0.000002
0.000003
0.000005
0.000008
0.000012
0.000018
0.000028
0.000045
0.000063
0.000098
0.000150
0.000206
0.000312
0.000468
0.000630
0.000929
0.001356
0.001789
0.002568
0.003346
0.004723
0.006602
0.008434
0.011592
0.015780
0.019761
0.026450
0.035064
0.043047
0.056112
0.072441
0.087183
0.110670
0.131518
0.164157
0.202930
0.236410
0.287363
0.345945
0.395088
0.467678
0.548294
0.613855
0.707632
0.807910
0.886712
0.995435
1.078794
1.190813
1.301856
1.383105
1.486788
1.582913
1.648604
1.725834
1.789353
1.826929
1.862487
1.880526
1.882226
1.868669
1.846846
1.802877
1.743073
1.688810
1.605481
1.511623
1.435738
1.329194
1.218754
1.134787
1.023096
0.913551
0.833869
0.732131
0.659872
0.569673
0.487086
0.430371
0.361824
0.301278
0.260959
0.213656
0.173250
0.147111
0.117294
0.092624
0.077101
0.059866
0.049207
0.037568
0.028408
0.022890
0.017019
0.012532
0.009899
0.007168
0.005140
0.003980
0.002807
0.001960
0.001488
0.001022
0.000695
0.000517
0.000346
0.000254
0.000167
0.000109
0.000078
0.000050
0.000032
0.000022
0.000014
0.000009
0.000006
0.000004
0.000002
0.000001
0.000001
0.000001
0.000000
0.000000
0.000000
0.000000
0.000000
0.000000
0.000000
0.000000
0.000000
0.000000
0.000000
0.000000
0.000000
0.000000
0.000000
0.000000
0.000000
0.000000
0.000000
0.000000
0.000000
0.000000
0.000000
0.000000
0.000000
0.000000
0.000000
0.000000
0.000000
0.000000
0.000000
0.000000
0.000000
0.000000
0.000000
0.000000
0.000000
0.000000
0.000000
0.000000
0.000000
0.000000
0.000000
0.000000
0.000000
0.000000
0.000000
0.000000
0.000000
0.000000
0.000000
0.000000
0.000000
0.000000
0.000000
0.000000
0.000000
0.000000
0.000000
0.000000
0.000000
0.000000
0.000000
0.000000
0.000000
0.000000
0.000000
0.000000
0.000000
0.000000
0.000000
0.000000
0.000000
0.000000
0.000000
0.000000
0.000000
0.000000
0.000000
0.000000
0.000000
0.000000
0.000000
0.000000
0.000000
0.000000
0.000000
0.000000
0.000000
0.000000
0.000000
0.000000
0.000000
0.000000
0.000000
0.000000
0.000000
0.000000
0.000000
0.000000
0.000000
0.000000
0.000000
0.000000
0.000000
0.000000
0.000000
0.000000
0.000000
0.000000
0.000000
0.000000
0.000000
0.000000
0.000000
0.000000
0.000000
0.000000
0.000000
0.000000
0.000000
0.000000
0.000000
0.000000
0.000000
0.000000
0.000000
0.000000
0.000000
0.000000
0.000000
0.000000
0.000000
0.000000
0.000000
0.000000
0.000000
0.000000
0.000000
0.000000
0.000000
0.000000
0.000000
0.000000
0.000000
0.000000
0.000000
0.000000
0.000000
0.000000
0.000000
0.000000
0.000000
0.000001
0.000001
0.000002
0.000003
0.000005
0.000008
0.000012
0.000020
0.000032
0.000045
0.000070
0.000109
0.000167
0.000254
0.000383
0.000571
0.000766
0.001123
0.001632
0.002348
0.003346
0.004723
0.006602
0.009140
0.011592
0.015780
0.021274
0.028408
0.037568
0.049207
0.063833
0.077101
0.098345
0.124240
0.155447
0.192627
0.236410
0.287363
0.345945
0.395088
0.467678
0.548294
0.636640
0.732131
0.833869
0.940634
1.050892
1.134787
1.246598
1.356290
1.461480
1.559723
1.648604
1.725834
1.774860
1.826929
1.862487
1.880526
1.880526
1.862487
1.826929
1.774860
1.725834
1.648604
1.559723
1.461480
1.356290
1.246598
1.134787
1.050892
0.940634
0.833869
0.732131
0.636640
0.548294
0.467678
0.395088
0.345945
0.287363
0.236410
0.192627
0.155447
0.124240
0.098345
0.082012
0.063833
0.049207
0.037568
0.028408
0.021274
0.015780
0.011592
0.009140
0.006602
0.004723
0.003346
0.002348
0.001632
0.001123
0.000766
0.000571
0.000383
0.000254
0.000167
0.000109
0.000070
0.000045
0.000032
0.000020
0.000012
0.000008
0.000005
0.000003
0.000002
0.000001
0.000001
0.000000
0.000000
0.000000
0.000000
0.000000
0.000000
0.000000
0.000000
0.000000
0.000000
0.000000
0.000000
0.000000
0.000000
0.000000
0.000000
0.000000
0.000000
0.000000
0.000000
0.000000
0.000000
0.000000
0.000000
0.000000
0.000000
0.000000
0.000000
0.000000
0.000000
0.000000
0.000000
0.000000
0.000000
0.000000
0.000000
0.000000
0.000000
0.000000
0.000000
0.000000
0.000000
0.000000
0.000000
0.000000
0.000000
0.000000
0.000000
0.000000
0.000000
0.000000
0.000000
0.000000
0.000000
0.000000
0.000000
0.000000
0.000000
0.000000
0.000000
0.000000
0.000000
0.000000
0.000000
0.000000
0.000000
0.000000
0.000000
0.000000
0.000000
0.000000
0.000000
0.000000
0.000000
0.000000
0.000000
0.000000
0.000000
0.000000
0.000000
0.000000
0.000000
0.000000
0.000000
0.000000
0.000000
0.000000
0.000000
0.000000
0.000000
0.000000
0.000000
0.000000
0.000000
0.000000
0.000000
0.000000
0.000000
0.000000
0.000000
0.000000
0.000000
0.000000
0.000000
0.000000
0.000000
0.000000
0.000000
0.000000
0.000000
0.000000
0.000000
0.000000
0.000000
0.000000
0.000000
0.000000
0.000000
0.000000
0.000000
0.000000
0.000000
0.000000
0.000000
0.000000
0.000000
0.000000
0.000000
0.000000
0.000000
0.000000
0.000000
0.000000
0.000000
0.000000
0.000000
0.000000
0.000000
0.000000
0.000000
0.000000
0.000000
0.000000
0.000001
0.000001
0.000001
0.000002
0.000005
0.000008
0.000012
0.000020
0.000032
0.000050
0.000078
0.000121
0.000186
0.000312
0.000468
0.000695
0.001022
0.001488
0.002146
0.003065
0.004337
0.006602
0.009140
0.012532
0.017019
0.022890
0.030491
0.040227
0.052562
0.072441
0.092624
0.117294
0.147111
0.182737
0.224813
0.273925
0.330564
0.412477
0.487086
0.569673
0.659872
0.757022
0.860144
0.967938
1.078794
1.218754
1.329194
1.435738
1.535947
1.627390
1.707736
1.774860
1.826929
1.862487
1.882226
1.877696
1.855209
1.815410
1.759425
1.688810
1.605481
1.511623
1.383105
1.274311
1.162813
1.050892
0.940634
0.833869
0.732131
0.636640
0.527399
0.448772
0.378204
0.315677
0.260959
0.213656
0.173250
0.139138
0.104357
0.082012
0.063833
0.049207
0.037568
0.028408
0.021274
0.015780
0.010715
0.007777
0.005591
0.003980
0.002807
0.001960
0.001356
0.000929
0.000630
0.000383
0.000254
0.000167
0.000109
0.000070
0.000045
0.000028
0.000018
0.000010
0.000006
0.000004
0.000002
0.000001
0.000001
0.000000
0.000000
0.000000
0.000000
0.000000
0.000000
0.000000
0.000000
0.000000
0.000000
0.000000
0.000000
0.000000
0.000000
0.000000
0.000000
0.000000
0.000000
0.000000
0.000000
0.000000
0.000000
0.000000
0.000000
0.000000
0.000000
0.000000
0.000000
0.000000
0.000000
0.000000
0.000000
0.000000
0.000000
0.000000
0.000000
0.000000
0.000000
0.000000
0.000000
0.000000
0.000000
0.000000
0.000000
0.000000
0.000000
0.000000
0.000000
0.000000
0.000000
0.000000
0.000000
0.000000
0.000000
0.000000
0.000000
0.000000
0.000000
0.000000
0.000000
0.000000
0.000000
0.000000
0.000000
0.000000
0.000000
0.000000
0.000000
0.000000
0.000000
0.000000
0.000000
0.000000
0.000000
0.000000
0.000000
0.000000
0.000000
0.000000
0.000000
0.000000
0.000000
0.000000
0.000000
0.000000
0.000000
0.000000
0.000000
0.000000
0.000000
0.000000
0.000000
0.000000
0.000000
0.000000
0.000000
0.000000
0.000000
0.000000
0.000000
0.000000
0.000000
0.000000
0.000000
0.000000
0.000000
0.000000
0.000000
0.000000
0.000000
0.000000
0.000000
0.000000
0.000000
0.000000
0.000000
0.000000
0.000000
0.000000
0.000000
0.000000
0.000000
0.000000
0.000000
0.000000
0.000000
0.000000
0.000000
0.000000
0.000000
0.000000
0.000000
0.000000
0.000000
0.000000
0.000001
0.000001
0.000002
0.000004
0.000007
0.000012
0.000020
0.000036
0.000056
0.000087
0.000150
0.000229
0.000383
0.000571
0.000844
0.001356
0.001960
0.003065
0.004337
0.006602
0.009140
0.012532
0.018344
0.024613
0.035064
0.046038
0.059866
0.082012
0.104357
0.139138
0.173250
0.213656
0.273925
0.330564
0.412477
0.487086
0.591529
0.683541
0.782288
0.913551
1.023096
1.162813
1.274311
1.383105
1.511623
1.605481
1.707736
1.774860
1.826929
1.868669
1.882226
1.873741
1.846846
1.789353
1.725834
1.648604
1.535947
1.435738
1.301856
1.190813
1.078794
0.940634
0.833869
0.707632
0.613855
0.527399
0.430371
0.361824
0.287363
0.236410
0.182737
0.147111
0.117294
0.087183
0.068021
0.049207
0.037568
0.028408
0.019761
0.014622
0.009899
0.007168
0.005140
0.003346
0.002348
0.001488
0.001022
0.000630
0.000423
0.000282
0.000167
0.000109
0.000063
0.000040
0.000025
0.000014
0.000009
0.000005
0.000003
0.000002
0.000001
0.000001
0.000000
0.000000
0.000000
0.000000
0.000000
0.000000
0.000000
0.000000
0.000000
0.000000
0.000000
0.000000
0.000000
0.000000
0.000000
0.000000
0.000000
0.000000
0.000000
0.000000
0.000000
0.000000
0.000000
0.000000
0.000000
0.000000
0.000000
0.000000
0.000000
0.000000
0.000000
0.000000
0.000000
0.000000
0.000000
0.000000
0.000000
0.000000
0.000000
0.000000
0.000000
0.000000
0.000000
0.000000
0.000000
0.000000
0.000000
0.000000
0.000000
0.000000
0.000000
0.000000
0.000000
0.000000
0.000000
0.000000
0.000000
0.000000
0.000000
0.000000
0.000000
0.000000
0.000000
0.000000
0.000000
0.000000
0.000000
0.000000
0.000000
0.000000
0.000000
0.000000
0.000000
0.000000
0.000000
0.000000
0.000000
0.000000
0.000000
0.000000
0.000000
0.000000
0.000000
0.000000
0.000000
0.000000
0.000000
0.000000
0.000000
0.000000
0.000000
0.000000
0.000000
0.000000
0.000000
0.000000
0.000000
0.000000
0.000000
0.000000
0.000000
0.000000
0.000000
0.000000
0.000000
0.000000
0.000000
0.000000
0.000000
0.000000
0.000000
0.000000
0.000000
0.000000
0.000000
0.000000
0.000000
0.000000
0.000000
0.000000
0.000000
0.000000
0.000000
0.000000
0.000000
0.000001
0.000001
0.000002
0.000004
0.000007
0.000012
0.000020
0.000036
0.000063
0.000109
0.000167
0.000282
0.000468
0.000766
0.001123
0.001789
0.002807
0.004337
0.006077
0.009140
0.013541
0.019761
0.026450
0.037568
0.052562
0.072441
0.092624
0.124240
0.164157
0.213656
0.260959
0.330564
0.412477
0.506994
0.591529
0.707632
0.833869
0.967938
1.078794
1.218754
1.356290
1.486788
1.582913
1.688810
1.774860
1.837414
1.868669
1.882793
1.868669
1.837414
1.774860
1.688810
1.582913
1.486788
1.356290
1.218754
1.078794
0.967938
0.833869
0.707632
0.591529
0.506994
0.412477
0.330564
0.260959
0.213656
0.164157
0.124240
0.092624
0.072441
0.052562
0.037568
0.026450
0.019761
0.013541
0.009140
0.006077
0.004337
0.002807
0.001789
0.001123
0.000766
0.000468
0.000282
0.000167
0.000109
0.000063
0.000036
0.000020
0.000012
0.000007
0.000004
0.000002
0.000001
0.000001
0.000000
0.000000
0.000000
0.000000
0.000000
0.000000
0.000000
0.000000
0.000000
0.000000
0.000000
0.000000
0.000000
0.000000
0.000000
0.000000
0.000000
0.000000
0.000000
0.000000
0.000000
0.000000
0.000000
0.000000
0.000000
0.000000
0.000000
0.000000
0.000000
0.000000
0.000000
0.000000
0.000000
0.000000
0.000000
0.000000
0.000000
0.000000
0.000000
0.000000
0.000000
0.000000
0.000000
0.000000
0.000000
0.000000
0.000000
0.000000
0.000000
0.000000
0.000000
0.000000
0.000000
0.000000
0.000000
0.000000
0.000000
0.000000
0.000000
0.000000
0.000000
0.000000
0.000000
0.000000
0.000000
0.000000
0.000000
0.000000
0.000000
0.000000
0.000000
0.000000
0.000000
0.000000
0.000000
0.000000
0.000000
0.000000
0.000000
0.000000
0.000000
0.000000
0.000000
0.000000
0.000000
0.000000
0.000000
0.000000
0.000000
0.000000
0.000000
0.000000
0.000000
0.000000
0.000000
0.000000
0.000000
0.000000
0.000000
0.000000
0.000000
0.000000
0.000000
0.000000
0.000000
0.000000
0.000000
0.000000
0.000000
0.000000
0.000000
0.000000
0.000000
0.000000
0.000000
0.000000
0.000001
0.000002
0.000003
0.000007
0.000012
0.000022
0.000040
0.000070
0.000121
0.000206
0.000346
0.000630
0.001022
0.001632
0.002568
0.003980
0.006077
0.009140
0.014622
0.021274
0.030491
0.043047
0.059866
0.082012
0.110670
0.147111
0.202930
0.260959
0.330564
0.412477
0.506994
0.613855
0.732131
0.886712
1.023096
1.162813
1.301856
1.435738
1.559723
1.669088
1.759425
1.837414
1.873741
1.882226
1.862487
1.815410
1.743073
1.648604
1.511623
1.383105
1.246598
1.106770
0.967938
0.833869
0.707632
0.591529
0.467678
0.378204
0.301278
0.236410
0.182737
0.139138
0.104357
0.072441
0.052562
0.037568
0.026450
0.018344
0.012532
0.008434
0.005591
0.003346
0.002146
0.001356
0.000844
0.000517
0.000312
0.000186
0.000098
0.000056
0.000032
0.000018
0.000010
0.000005
0.000003
0.000001
0.000001
0.000000
0.000000
0.000000
0.000000
0.000000
0.000000
0.000000
0.000000
0.000000
0.000000
0.000000
0.000000
0.000000
0.000000
0.000000
0.000000
0.000000
0.000000
0.000000
0.000000
0.000000
0.000000
0.000000
0.000000
0.000000
0.000000
0.000000
0.000000
0.000000
0.000000
0.000000
0.000000
0.000000
0.000000
0.000000
0.000000
0.000000
0.000000
0.000000
0.000000
0.000000
0.000000
0.000000
0.000000
0.000000
0.000000
0.000000
0.000000
0.000000
0.000000
0.000000
0.000000
0.000000
0.000000
0.000000
0.000000
0.000000
0.000000
0.000000
0.000000
0.000000
0.000000
0.000000
0.000000
0.000000
0.000000
0.000000
0.000000
0.000000
0.000000
0.000000
0.000000
0.000000
0.000000
0.000000
0.000000
0.000000
0.000000
0.000000
0.000000
0.000000
0.000000
0.000000
0.000000
0.000000
0.000000
0.000000
0.000000
0.000000
0.000000
0.000000
0.000000
0.000000
0.000000
0.000000
0.000000
0.000000
0.000000
0.000000
0.000000
0.000000
0.000000
0.000000
0.000000
0.000000
0.000000
0.000000
0.000001
0.000001
0.000003
0.000006
0.000012
0.000022
0.000045
0.000078
0.000150
0.000282
0.000468
0.000844
0.001356
0.002348
0.003980
0.006077
0.009899
0.014622
0.022890
0.032708
0.049207
0.072441
0.098345
0.139138
0.182737
0.248456
0.330564
0.412477
0.527399
0.636640
0.782288
0.940634
1.078794
1.246598
1.383105
1.535947
1.669088
1.759425
1.837414
1.873741
1.880526
1.855209
1.789353
1.688810
1.582913
1.435738
1.301856
1.134787
0.967938
0.833869
0.683541
0.569673
0.448772
0.345945
0.273925
0.202930
0.155447
0.110670
0.077101
0.056112
0.037568
0.026450
0.017019
0.011592
0.007168
0.004337
0.002807
0.001632
0.001022
0.000571
0.000312
0.000186
0.000098
0.000056
0.000028
0.000014
0.000008
0.000004
0.000002
0.000001
0.000000
0.000000
0.000000
0.000000
0.000000
0.000000
0.000000
0.000000
0.000000
0.000000
0.000000
0.000000
0.000000
0.000000
0.000000
0.000000
0.000000
0.000000
0.000000
0.000000
0.000000
0.000000
0.000000
0.000000
0.000000
0.000000
0.000000
0.000000
0.000000
0.000000
0.000000
0.000000
0.000000
0.000000
0.000000
0.000000
0.000000
0.000000
0.000000
0.000000
0.000000
0.000000
0.000000
0.000000
0.000000
0.000000
0.000000
0.000000
0.000000
0.000000
0.000000
0.000000
0.000000
0.000000
0.000000
0.000000
0.000000
0.000000
0.000000
0.000000
0.000000
0.000000
0.000000
0.000000
0.000000
0.000000
0.000000
0.000000
0.000000
0.000000
0.000000
0.000000
0.000000
0.000000
0.000000
0.000000
0.000000
0.000000
0.000000
0.000000
0.000000
0.000000
0.000000
0.000000
0.000000
0.000000
0.000000
0.000000
0.000000
0.000000
0.000000
0.000000
0.000000
0.000000
0.000000
0.000000
0.000000
0.000000
0.000001
0.000001
0.000002
0.000005
0.000012
0.000025
0.000050
0.000098
0.000186
0.000346
0.000630
0.001234
0.002146
0.003651
0.006077
0.009899
0.015780
0.024613
0.037568
0.059866
0.087183
0.124240
0.173250
0.236410
0.315677
0.412477
0.548294
0.683541
0.833869
0.995435
1.162813
1.329194
1.486788
1.648604
1.759425
1.837414
1.877696
1.877696
1.837414
1.759425
1.627390
1.486788
1.329194
1.162813
0.995435
0.833869
0.683541
0.548294
0.412477
0.315677
0.236410
0.173250
0.124240
0.087183
0.059866
0.037568
0.024613
0.015780
0.009899
0.006077
0.003651
0.002146
0.001123
0.000630
0.000346
0.000186
0.000098
0.000050
0.000025
0.000011
0.000005
0.000002
0.000001
0.000001
0.000000
0.000000
0.000000
0.000000
0.000000
0.000000
0.000000
0.000000
0.000000
0.000000
0.000000
0.000000
0.000000
0.000000
0.000000
0.000000
0.000000
0.000000
0.000000
0.000000
0.000000
0.000000
0.000000
0.000000
0.000000
0.000000
0.000000
0.000000
0.000000
0.000000
0.000000
0.000000
0.000000
0.000000
0.000000
0.000000
0.000000
0.000000
0.000000
0.000000
0.000000
0.000000
0.000000
0.000000
0.000000
0.000000
0.000000
0.000000
0.000000
0.000000
0.000000
0.000000
0.000000
0.000000
0.000000
0.000000
0.000000
0.000000
0.000000
0.000000
0.000000
0.000000
0.000000
0.000000
0.000000
0.000000
0.000000
0.000000
0.000000
0.000000
0.000000
0.000000
0.000000
0.000000
0.000000
0.000000
0.000000
0.000000
0.000000
0.000000
0.000000
0.000000
0.000000
0.000000
0.000000
0.000000
0.000000
0.000000
0.000001
0.000002
0.000005
0.000011
0.000025
0.000056
0.000121
0.000254
0.000468
0.000929
0.001789
0.003346
0.006077
0.010715
0.017019
0.028408
0.046038
0.072441
0.110670
0.155447
0.224813
0.315677
0.430371
0.569673
0.707632
0.886712
1.078794
1.274311
1.461480
1.605481
1.743073
1.837414
1.880526
1.868669
1.815410
1.707736
1.559723
1.383105
1.190813
1.023096
0.833869
0.659872
0.506994
0.378204
0.287363
0.202930
0.139138
0.092624
0.059866
0.040227
0.024613
0.014622
0.008434
0.004723
0.002807
0.001488
0.000766
0.000383
0.000186
0.000098
0.000045
0.000020
0.000009
0.000004
0.000002
0.000001
0.000000
0.000000
0.000000
0.000000
0.000000
0.000000
0.000000
0.000000
0.000000
0.000000
0.000000
0.000000
0.000000
0.000000
0.000000
0.000000
0.000000
0.000000
0.000000
0.000000
0.000000
0.000000
0.000000
0.000000
0.000000
0.000000
0.000000
0.000000
0.000000
0.000000
0.000000
0.000000
0.000000
0.000000
0.000000
0.000000
0.000000
0.000000
0.000000
0.000000
0.000000
0.000000
0.000000
0.000000
0.000000
0.000000
0.000000
0.000000
0.000000
0.000000
0.000000
0.000000
0.000000
0.000000
0.000000
0.000000
0.000000
0.000000
0.000000
0.000000
0.000000
0.000000
0.000000
0.000000
0.000000
0.000000
0.000000
0.000000
0.000000
0.000000
0.000000
0.000000
0.000000
0.000000
0.000000
0.000000
0.000000
0.000000
0.000000
0.000001
0.000002
0.000005
0.000011
0.000028
0.000070
0.000150
0.000346
0.000766
0.001488
0.003065
0.005591
0.010715
0.019761
0.032708
0.056112
0.092624
0.139138
0.213656
0.301278
0.430371
0.591529
0.757022
0.967938
1.190813
1.383105
1.582913
1.743073
1.837414
1.882226
1.862487
1.774860
1.627390
1.461480
1.246598
1.023096
0.833869
0.636640
0.487086
0.345945
0.236410
0.164157
0.104357
0.063833
0.040227
0.022890
0.012532
0.007168
0.003651
0.001960
0.000929
0.000423
0.000206
0.000087
0.000036
0.000016
0.000006
0.000002
0.000001
0.000000
0.000000
0.000000
0.000000
0.000000
0.000000
0.000000
0.000000
0.000000
0.000000
0.000000
0.000000
0.000000
0.000000
0.000000
0.000000
0.000000
0.000000
0.000000
0.000000
0.000000
0.000000
0.000000
0.000000
0.000000
0.000000
0.000000
0.000000
0.000000
0.000000
0.000000
0.000000
0.000000
0.000000
0.000000
0.000000
0.000000
0.000000
0.000000
0.000000
0.000000
0.000000
0.000000
0.000000
0.000000
0.000000
0.000000
0.000000
0.000000
0.000000
0.000000
0.000000
0.000000
0.000000
0.000000
0.000000
0.000000
0.000000
0.000000
0.000000
0.000000
0.000000
0.000000
0.000000
0.000000
0.000000
0.000000
0.000000
0.000000
0.000000
0.000000
0.000001
0.000004
0.000011
0.000032
0.000087
0.000206
0.000517
0.001234
0.002568
0.005591
0.011592
0.021274
0.040227
0.072441
0.124240
0.192627
0.301278
0.448772
0.613855
0.833869
1.078794
1.301856
1.535947
1.725834
1.837414
1.882793
1.837414
1.725834
1.535947
1.301856
1.050892
0.833869
0.613855
0.430371
0.301278
0.192627
0.117294
0.072441
0.040227
0.021274
0.011592
0.005591
0.002568
0.001234
0.000517
0.000206
0.000078
0.000032
0.000011
0.000004
0.000001
0.000000
0.000000
0.000000
0.000000
0.000000
0.000000
0.000000
0.000000
0.000000
0.000000
0.000000
0.000000
0.000000
0.000000
0.000000
0.000000
0.000000
0.000000
0.000000
0.000000
0.000000
0.000000
0.000000
0.000000
0.000000
0.000000
0.000000
0.000000
0.000000
0.000000
0.000000
0.000000
0.000000
0.000000
0.000000
0.000000
0.000000
0.000000
0.000000
0.000000
0.000000
0.000000
0.000000
0.000000
0.000000
0.000000
0.000000
0.000000
0.000000
0.000000
0.000000
0.000000
0.000000
0.000000
0.000000
0.000000
0.000000
0.000000
0.000000
0.000000
0.000000
0.000001
0.000003
0.000011
0.000036
0.000109
0.000312
0.000844
0.002348
0.005591
0.012532
0.026450
0.052562
0.098345
0.173250
0.287363
0.448772
0.659872
0.913551
1.190813
1.486788
1.707736
1.846846
1.880526
1.802877
1.627390
1.383105
1.106770
0.833869
0.591529
0.395088
0.248456
0.139138
0.077101
0.040227
0.019761
0.009140
0.003980
0.001632
0.000630
0.000229
0.000078
0.000025
0.000008
0.000002
0.000001
0.000000
0.000000
0.000000
0.000000
0.000000
0.000000
0.000000
0.000000
0.000000
0.000000
0.000000
0.000000
0.000000
0.000000
0.000000
0.000000
0.000000
0.000000
0.000000
0.000000
0.000000
0.000000
0.000000
0.000000
0.000000
0.000000
0.000000
0.000000
0.000000
0.000000
0.000000
0.000000
0.000000
0.000000
0.000000
0.000000
0.000000
0.000000
0.000000
0.000000
0.000000
0.000000
0.000000
0.000000
0.000000
0.000000
0.000000
0.000000
0.000000
0.000000
0.000000
0.000001
0.000002
0.000011
0.000045
0.000167
0.000571
0.001789
0.005140
0.013541
0.032708
0.072441
0.147111
0.273925
0.467678
0.732131
1.050892
1.383105
1.669088
1.846846
1.873741
1.743073
1.486788
1.162813
0.833869
0.548294
0.330564
0.182737
0.092624
0.043047
0.018344
0.007168
0.002568
0.000844
0.000254
0.000070
0.000018
0.000004
0.000001
0.000000
0.000000
0.000000
0.000000
0.000000
0.000000
0.000000
0.000000
0.000000
0.000000
0.000000
0.000000
0.000000
0.000000
0.000000
0.000000
0.000000
0.000000
0.000000
0.000000
0.000000
0.000000
0.000000
0.000000
0.000000
0.000000
0.000000
0.000000
0.000000
0.000000
0.000000
0.000000
0.000000
0.000000
0.000000
0.000000
0.000000
0.000000
0.000000
0.000000
0.000000
0.000000
0.000000
0.000002
0.000011
0.000056
0.000282
0.001234
0.004723
0.015780
0.046038
0.117294
0.248456
0.487086
0.833869
1.246598
1.627390
1.855209
1.846846
1.627390
1.246598
0.833869
0.487086
0.248456
0.110670
0.043047
0.014622
0.004723
0.001234
0.000282
0.000056
0.000010
0.000001
0.000000
0.000000
0.000000
0.000000
0.000000
0.000000
0.000000
0.000000
0.000000
0.000000
0.000000
0.000000
0.000000
0.000000
0.000000
0.000000
0.000000
0.000000
0.000000
0.000000
0.000000
0.000000
0.000000
0.000000
0.000000
0.000000
0.000000
0.000000
0.000000
0.000000
0.000000
0.000000
0.000000
0.000001
0.000010
0.000098
0.000695
0.003980
0.019761
0.072441
0.224813
0.527399
1.023096
1.535947
1.862487
1.789353
1.356290
0.833869
0.395088
0.155447
0.046038
0.011592
0.002146
0.000346
0.000040
0.000004
0.000000
0.000000
0.000000
0.000000
0.000000
0.000000
0.000000
0.000000
0.000000
0.000000
0.000000
0.000000
0.000000
0.000000
0.000000
0.000000
0.000000
0.000000
0.000000
0.000000
0.000000
0.000000
0.000000
0.000000
0.000000
0.000009
0.000206
0.003346
0.030491
0.173250
0.613855
1.383105
1.873741
1.582913
0.833869
0.273925
0.052562
0.006602
0.000517
0.000025
0.000001
0.000000
0.000000
0.000000
0.000000
0.000000
0.000000
0.000000
0.000000
0.000000
